MARKET_PRICE=1.432
MATRIX_TRADE_VOLUME=.058
MATRIX=
[0],[0.95],[1],[0]
[1],[0.97],[1],[0]
[2],[0.99],[1],[0]
[3],[1.01],[1],[0]
[4],[1.03],[1],[0]
[5],[1.05],[1],[0]
[6],[1.07],[1],[0]
[7],[1.09],[1],[0]
[8],[1.11],[1],[0]
[9],[1.13],[1],[0]
[10],[1.15],[1],[0]
[11],[1.17],[1],[0]
[12],[1.19],[1],[0]
[13],[1.21],[1],[0]
[14],[1.23],[1],[0]
[15],[1.25],[0],[0]
[16],[1.27],[2],[0]
[17],[1.29],[2],[0]
[18],[1.31],[2],[0]
[19],[1.33],[2],[0]
[20],[1.36],[2],[0]
[21],[1.39],[2],[0]
[22],[1.42],[2],[0]
[23],[1.45],[2],[0]
[24],[1.48],[2],[0]
[25],[1.51],[2],[0]
[26],[1.54],[2],[0]
[27],[1.57],[2],[0]
[28],[1.6],[2],[0]
[29],[1.63],[2],[0]
[30],[1.66],[2],[0]
[31],[1.69],[2],[0]
[32],[1.72],[2],[0]
[33],[1.75],[2],[0]
[34],[1.78],[2],[0]
[35],[1.81],[2],[0]
[36],[1.84],[2],[0]
[37],[1.87],[2],[0]