Using PreEstablished Matrix
INITIAL_MARKET_PRICE=1.37
MARKET_PRICE=1.559
MOON_BASKET_PRICE=1.96
TRADE_VOLUME=0.141
MATRIX=
[0],[0.98],[1],[99]
[1],[1.0],[1],[99]
[2],[1.02],[1],[99]
[3],[1.04],[1],[99]
[4],[1.06],[1],[99]
[5],[1.08],[1],[99]
[6],[1.1],[1],[99]
[7],[1.12],[1],[99]
[8],[1.14],[1],[99]
[9],[1.16],[1],[99]
[10],[1.18],[1],[99]
[11],[1.2],[1],[99]
[12],[1.22],[1],[99]
[13],[1.24],[1],[99]
[14],[1.26],[1],[43086835]
[15],[1.28],[1],[43086842]
[16],[1.3],[1],[43086845]
[17],[1.32],[1],[43086850]
[18],[1.35],[1],[53147660]
[19],[1.38],[1],[54158259]
[20],[1.41],[1],[53147673]
[21],[1.44],[1],[53223104]
[22],[1.47],[1],[53272750]
[23],[1.5],[1],[55384865]
[24],[1.53],[3],[-99]
[25],[1.56],[2],[57471571]
[26],[1.59],[2],[57471808]
[27],[1.62],[2],[57471786]
[28],[1.65],[2],[55827529]
[29],[1.68],[2],[55816459]
[30],[1.71],[2],[54158707]
[31],[1.74],[2],[99]
[32],[1.77],[2],[99]
[33],[1.8],[2],[54158939]
[34],[1.83],[2],[99]
[35],[1.86],[2],[99]
[36],[1.9],[2],[99]
[37],[1.94],[2],[99]
Unable to correlate active order with price 0.01to matrix entry
