INITIAL_MARKET_PRICE=71.899998
MARKET_PRICE=71.899998
MOON_BASKET_PRICE=109.899
TRADE_VOLUME=0.0281
MATRIX=
[0],[53.925],[1],[99]
[1],[54.95],[1],[99]
[2],[55.994],[1],[99]
[3],[57.058],[1],[99]
[4],[58.142],[1],[99]
[5],[59.247],[1],[99]
[6],[60.373],[1],[99]
[7],[61.52],[1],[99]
[8],[62.689],[1],[99]
[9],[63.88],[1],[99]
[10],[65.094],[1],[99]
[11],[66.331],[1],[99]
[12],[67.591],[1],[99]
[13],[68.875],[1],[99]
[14],[70.184],[1],[99]
[15],[71.517],[3],[0]
[16],[72.876],[2],[99]
[17],[74.261],[2],[99]
[18],[75.672],[2],[99]
[19],[77.11],[2],[99]
[20],[78.575],[2],[99]
[21],[80.068],[2],[99]
[22],[81.589],[2],[99]
[23],[83.139],[2],[99]
[24],[84.719],[2],[99]
[25],[86.329],[2],[99]
[26],[87.969],[2],[99]
[27],[89.64],[2],[99]
[28],[91.343],[2],[99]
[29],[93.079],[2],[99]
[30],[94.848],[2],[99]
[31],[96.65],[2],[99]
[32],[98.486],[2],[99]
[33],[100.357],[2],[99]
[34],[102.264],[2],[99]
[35],[104.207],[2],[99]
[36],[106.187],[2],[99]
